-------------------
   13   12   23   15   42   68    5   35   46   29
   11    4   24   32   63   53   58   20   19   56
   22    2   34   27    6   48   33   39   55   18
   47    1   41   61   54   66    9   65    7   10
   21   43   97   73    3   91   25   88   57   89
   74   75   17   31   69   81   30   60    8   50
   82   16   14   52   90   44   59   87   37   28
   84   51   94   45   93   70   36   80   38   40
   72   85   62   96   76   95   78   79   26   49
    0   92   86   98   83   71   64   67   77   99
-------------------
-------------------
    1    2    3    4    5    6    7    8    9   10
   11   13   24   32   15   42   53   58   20   19
   21   22   12   27   68   63   66   35   56   55
   31   43   74   69   29   54   48   39   60   18
   41   75   47   97   17   91   46   65   33   57
   51   14   23   34   93   73   25   30   88   89
   61   94   52   90   44   70   59   87   37   50
   71   85   62   45   95   76   36   80   38   28
   81    0   86   98   96   64   78   79   26   40
   16   92   72   82   84   83   67   77   99   49
-------------------
-------------------
    1    2    3    4    5    6    7    8    9   10
   11   12   13   14   15   16   17   18   19   20
   21   22   23   24   25   26   27   28   29   30
   31   32   33   58   94   66   54   65   39   55
   41   42   43   60   75   69   48   68   35   46
   51   52   53   90   56   34   47   59   57   37
   61   62   63   45   64   93   97   80   38   88
   71   72   73   95   44   36   70   78   87   89
   81   82   83    0   76   98   79   77   40   50
   91   92   74   85   86   96   84   67   99   49
-------------------
-------------------
    1    2    3    4    5    6    7    8    9   10
   11   12   13   14   15   16   17   18   19   20
   21   22   23   24   25   26   27   28   29   30
   31   32   33   34   35   36   37   38   39   40
   41   42   43   44   65   66   48   68   46   80
   51   52   53   54   60   58   90   94   47   59
   61   62   63   64   45   98   69   56   97   57
   71   72   73   74   55   75   70   78   88   89
   81   82   83   84    0   76   86   87   77   50
   91   92   93   85   95   96   79   67   99   49
-------------------
-------------------
    1    2    3    4    5    6    7    8    9   10
   11   12   13   14   15   16   17   18   19   20
   21   22   23   24   25   26   27   28   29   30
   31   32   33   34   35   36   37   38   39   40
   41   42   43   44   45   46   47   48   49   50
   51   52   53   54   55   60   80   97   90   68
   61   62   63   64   65   66   87   58   98   56
   71   72   73   74   75   78   96   59   70   77
   81   82   83   84   85    0   95   57   88   99
   91   92   93   94   69   76   86   67   79   89
-------------------
-------------------
    1    2    3    4    5    6    7    8    9   10
   11   12   13   14   15   16   17   18   19   20
   21   22   23   24   25   26   27   28   29   30
   31   32   33   34   35   36   37   38   39   40
   41   42   43   44   45   46   47   48   49   50
   51   52   53   54   55   56   57   58   59   60
   61   62   63   64   65   66   80   70   98   68
   71   72   73   74   75   76   97   87   90   77
   81   82   83   84   85   86    0   67   88   99
   91   92   93   94   95   69   96   78   79   89
-------------------
-------------------
    1    2    3    4    5    6    7    8    9   10
   11   12   13   14   15   16   17   18   19   20
   21   22   23   24   25   26   27   28   29   30
   31   32   33   34   35   36   37   38   39   40
   41   42   43   44   45   46   47   48   49   50
   51   52   53   54   55   56   57   58   59   60
   61   62   63   64   65   66   67   68   69   70
   71   72   73   74   75   76   77   90   78   88
   81   82   83   84   85   86   87    0   97   89
   91   92   93   94   95   96   80   98   99   79
-------------------
-------------------
    1    2    3    4    5    6    7    8    9   10
   11   12   13   14   15   16   17   18   19   20
   21   22   23   24   25   26   27   28   29   30
   31   32   33   34   35   36   37   38   39   40
   41   42   43   44   45   46   47   48   49   50
   51   52   53   54   55   56   57   58   59   60
   61   62   63   64   65   66   67   68   69   70
   71   72   73   74   75   76   77   78   79   80
   81   82   83   84   85   86   87   99   89    0
   91   92   93   94   95   96   97   90   88   98
-------------------
